9.184683280574702791e-02
2.335039787727829219e-01
1.751914134509070884e-23
2.206320583221414513e-22
1.662810897047500518e-20
5.130940945319130485e-18
3.920842841807404489e-15
4.164907661414625678e-12
3.389167566038637757e-09
1.130496713446386634e-06
6.243982680537073985e-05
2.595197376176481933e-03
2.714851620419987416e-03
6.317741565544053573e-05
1.102586312457540878e-06
3.415658222748577765e-09
4.457226709514989212e-12
4.680963337431807739e-15
7.054306233377836296e-18
2.625828310933807619e-20
3.886499695952391203e-22
3.292946655175285125e-23
