-1.380377184067292130e-02
3.435809698861029382e+00
6.907508868915478402e-13
2.584694489296259991e-12
2.471223129227734805e-11
5.011699479977323187e-10
1.693443043208377122e-08
7.302133957146610790e-07
3.116186272358988237e-05
1.122427713659605647e-03
2.982242750864938854e-02
2.939295409942500048e-01
2.976639507825940001e-01
2.912312376464866806e-02
1.059453874268984595e-03
2.979925591155924432e-05
7.171990539325492306e-07
1.696344935854467769e-08
5.123416941528949986e-10
2.587254813183407593e-11
2.768462722018586675e-12
7.512893539432865558e-13
